{
 "cells": [
  {
   "cell_type": "code",
   "execution_count": 2,
   "metadata": {},
   "outputs": [
    {
     "name": "stderr",
     "output_type": "stream",
     "text": [
      "/home/snkrkr/.local/lib/python3.10/site-packages/pandas/core/computation/expressions.py:21: UserWarning: Pandas requires version '2.8.4' or newer of 'numexpr' (version '2.8.1' currently installed).\n",
      "  from pandas.core.computation.check import NUMEXPR_INSTALLED\n",
      "/home/snkrkr/.local/lib/python3.10/site-packages/pandas/core/arrays/masked.py:60: UserWarning: Pandas requires version '1.3.6' or newer of 'bottleneck' (version '1.3.2' currently installed).\n",
      "  from pandas.core import (\n",
      "/home/snkrkr/.local/lib/python3.10/site-packages/matplotlib/projections/__init__.py:63: UserWarning: Unable to import Axes3D. This may be due to multiple versions of Matplotlib being installed (e.g. as a system package and as a pip package). As a result, the 3D projection is not available.\n",
      "  warnings.warn(\"Unable to import Axes3D. This may be due to multiple versions of \"\n"
     ]
    }
   ],
   "source": [
    "import damask\n",
    "import numpy as np\n",
    "import pandas as pd\n",
    "import seaborn as sns\n",
    "import matplotlib.pyplot as plt\n",
    "from pathlib import Path"
   ]
  },
  {
   "cell_type": "code",
   "execution_count": 6,
   "metadata": {},
   "outputs": [],
   "source": [
    "resultfile_path = 'reference_output/tensionX_tensionY_material_meanfield_20materials_0.5ferrite_0.5martensite_20grains_voronoi_4x4x4/simulation_output.hdf5'"
   ]
  },
  {
   "cell_type": "code",
   "execution_count": 7,
   "metadata": {},
   "outputs": [
    {
     "data": {
      "text/plain": [
       "cells:  2 × 5 × 1\n",
       "size:   2e-05 × 5e-05 × 1e-05 m³\n",
       "origin: 0.0   0.0   0.0 m\n",
       "# materials: 10"
      ]
     },
     "execution_count": 7,
     "metadata": {},
     "output_type": "execute_result"
    }
   ],
   "source": [
    "result = damask.Result(resultfile_path)\n",
    "try:\n",
    "    result.add_stress_Cauchy()\n",
    "except ValueError:\n",
    "    pass\n",
    "try:\n",
    "    result.add_equivalent_Mises('sigma')\n",
    "except ValueError:\n",
    "    pass\n",
    "try:\n",
    "    result.add_stress_second_Piola_Kirchhoff()\n",
    "except ValueError:\n",
    "    pass\n",
    "\n",
    "try:\n",
    "    result.add_strain()\n",
    "except ValueError:\n",
    "    pass\n",
    "\n",
    "postprossecing_dir = Path(resultfile_path).stem\n",
    "vti_path = list(Path(resultfile_path).parent.glob(\"*.vti\"))[0]\n",
    "grid = damask.GeomGrid.load(vti_path)\n",
    "grid"
   ]
  },
  {
   "cell_type": "code",
   "execution_count": 8,
   "metadata": {},
   "outputs": [
    {
     "name": "stdout",
     "output_type": "stream",
     "text": [
      "dict_keys(['Ferrite', 'Martensite'])\n"
     ]
    }
   ],
   "source": [
    "for inc in result.get(['F','P']).values():\n",
    "    print(inc.keys())\n",
    "    break"
   ]
  },
  {
   "cell_type": "markdown",
   "metadata": {},
   "source": [
    "# Example: Stress-strain curve for tensionX"
   ]
  },
  {
   "cell_type": "code",
   "execution_count": 9,
   "metadata": {},
   "outputs": [
    {
     "name": "stdout",
     "output_type": "stream",
     "text": [
      "Ferrite 0\n",
      "flattened_material.shape (10,)\n",
      "grid.material.shape (2, 5, 1)\n",
      "P.shape (64, 3, 3)\n",
      "P [[[-1.61040548e-04 -6.40257459e-06  6.43587931e-06]\n",
      "  [-6.40257459e-06 -1.75632446e-04 -1.33571067e-05]\n",
      "  [ 6.43587931e-06 -1.33571067e-05 -1.95956502e-04]]\n",
      "\n",
      " [[-1.66034953e-04 -6.77649153e-06 -2.30301635e-05]\n",
      "  [-6.77649153e-06 -1.05469715e-04  5.04107563e-06]\n",
      "  [-2.30301635e-05  5.04107563e-06 -6.48929088e-05]]\n",
      "\n",
      " [[ 1.95955715e-04 -3.48692999e-06  7.71512225e-06]\n",
      "  [-3.48692999e-06  2.01962088e-04 -2.16109212e-06]\n",
      "  [ 7.71512225e-06 -2.16109212e-06  2.18811087e-04]]\n",
      "\n",
      " [[-1.11326587e-04 -4.75446784e-06 -2.20671113e-05]\n",
      "  [-4.75446784e-06 -1.01048161e-04  1.39961463e-05]\n",
      "  [-2.20671113e-05  1.39961463e-05 -1.80089092e-04]]\n",
      "\n",
      " [[-2.72071621e-05 -1.88653822e-05 -4.63475067e-05]\n",
      "  [-1.88653822e-05 -9.96843402e-06  1.61816687e-05]\n",
      "  [-4.63475067e-05  1.61816687e-05  3.71755961e-05]]\n",
      "\n",
      " [[-2.72071621e-05 -1.88653822e-05 -4.63475067e-05]\n",
      "  [-1.88653822e-05 -9.96843402e-06  1.61816687e-05]\n",
      "  [-4.63475067e-05  1.61816687e-05  3.71755961e-05]]\n",
      "\n",
      " [[-1.13054576e-04 -3.89156770e-06 -2.85641764e-07]\n",
      "  [-3.89156770e-06 -1.05926371e-04  2.22978988e-05]\n",
      "  [-2.85641764e-07  2.22978988e-05 -3.33172349e-05]]\n",
      "\n",
      " [[ 2.02114312e-04 -4.50756824e-06 -3.99351776e-06]\n",
      "  [-4.50756824e-06  1.63216949e-04 -4.25596090e-05]\n",
      "  [-3.99351776e-06 -4.25596090e-05  1.95331366e-04]]\n",
      "\n",
      " [[-2.72071621e-05 -1.88653822e-05 -4.63475067e-05]\n",
      "  [-1.88653822e-05 -9.96843402e-06  1.61816687e-05]\n",
      "  [-4.63475067e-05  1.61816687e-05  3.71755961e-05]]\n",
      "\n",
      " [[-2.72071621e-05 -1.88653822e-05 -4.63475067e-05]\n",
      "  [-1.88653822e-05 -9.96843402e-06  1.61816687e-05]\n",
      "  [-4.63475067e-05  1.61816687e-05  3.71755961e-05]]\n",
      "\n",
      " [[-1.13054576e-04 -3.89156770e-06 -2.85641764e-07]\n",
      "  [-3.89156770e-06 -1.05926371e-04  2.22978988e-05]\n",
      "  [-2.85641764e-07  2.22978988e-05 -3.33172349e-05]]\n",
      "\n",
      " [[-9.82181363e-05 -3.52175363e-06 -6.51850626e-06]\n",
      "  [-3.52175363e-06 -8.16780492e-05 -2.72440312e-06]\n",
      "  [-6.51850626e-06 -2.72440312e-06 -1.00435128e-04]]\n",
      "\n",
      " [[-1.26727593e-04  3.30614223e-05  7.90013675e-06]\n",
      "  [ 3.30614223e-05 -9.99395676e-05  2.48044520e-05]\n",
      "  [ 7.90013675e-06  2.48044520e-05 -1.37763548e-04]]\n",
      "\n",
      " [[-1.66034953e-04 -6.77649153e-06 -2.30301635e-05]\n",
      "  [-6.77649153e-06 -1.05469715e-04  5.04107563e-06]\n",
      "  [-2.30301635e-05  5.04107563e-06 -6.48929088e-05]]\n",
      "\n",
      " [[ 1.95955715e-04 -3.48692999e-06  7.71512225e-06]\n",
      "  [-3.48692999e-06  2.01962088e-04 -2.16109212e-06]\n",
      "  [ 7.71512225e-06 -2.16109212e-06  2.18811087e-04]]\n",
      "\n",
      " [[-1.11326587e-04 -4.75446784e-06 -2.20671113e-05]\n",
      "  [-4.75446784e-06 -1.01048161e-04  1.39961463e-05]\n",
      "  [-2.20671113e-05  1.39961463e-05 -1.80089092e-04]]\n",
      "\n",
      " [[ 2.06413418e-04 -1.55033639e-06 -5.29409031e-06]\n",
      "  [-1.55033639e-06  2.51446562e-04  6.35048995e-06]\n",
      "  [-5.29409031e-06  6.35048995e-06  2.14935173e-04]]\n",
      "\n",
      " [[ 9.71148042e-05 -1.32224692e-05  3.10731257e-06]\n",
      "  [-1.32224692e-05  1.36268614e-04 -4.79731171e-06]\n",
      "  [ 3.10731257e-06 -4.79731171e-06  1.31047290e-04]]\n",
      "\n",
      " [[ 9.71148042e-05 -1.32224692e-05  3.10731257e-06]\n",
      "  [-1.32224692e-05  1.36268614e-04 -4.79731171e-06]\n",
      "  [ 3.10731257e-06 -4.79731171e-06  1.31047290e-04]]\n",
      "\n",
      " [[ 1.25837499e-04  2.19760773e-05  3.75501528e-05]\n",
      "  [ 2.19760773e-05  1.29299861e-04 -2.10415770e-06]\n",
      "  [ 3.75501528e-05 -2.10415770e-06  2.51939545e-05]]\n",
      "\n",
      " [[-2.72071621e-05 -1.88653822e-05 -4.63475067e-05]\n",
      "  [-1.88653822e-05 -9.96843402e-06  1.61816687e-05]\n",
      "  [-4.63475067e-05  1.61816687e-05  3.71755961e-05]]\n",
      "\n",
      " [[-1.13054576e-04 -3.89156770e-06 -2.85641764e-07]\n",
      "  [-3.89156770e-06 -1.05926371e-04  2.22978988e-05]\n",
      "  [-2.85641764e-07  2.22978988e-05 -3.33172349e-05]]\n",
      "\n",
      " [[-1.13054576e-04 -3.89156770e-06 -2.85641764e-07]\n",
      "  [-3.89156770e-06 -1.05926371e-04  2.22978988e-05]\n",
      "  [-2.85641764e-07  2.22978988e-05 -3.33172349e-05]]\n",
      "\n",
      " [[ 4.73388621e-05  2.59556064e-05  4.08367451e-05]\n",
      "  [ 2.59556064e-05  5.62578038e-05  2.55180767e-05]\n",
      "  [ 4.08367451e-05  2.55180767e-05  3.65689910e-05]]\n",
      "\n",
      " [[-1.26727593e-04  3.30614223e-05  7.90013675e-06]\n",
      "  [ 3.30614223e-05 -9.99395676e-05  2.48044520e-05]\n",
      "  [ 7.90013675e-06  2.48044520e-05 -1.37763548e-04]]\n",
      "\n",
      " [[-1.13054576e-04 -3.89156770e-06 -2.85641764e-07]\n",
      "  [-3.89156770e-06 -1.05926371e-04  2.22978988e-05]\n",
      "  [-2.85641764e-07  2.22978988e-05 -3.33172349e-05]]\n",
      "\n",
      " [[-1.13054576e-04 -3.89156770e-06 -2.85641764e-07]\n",
      "  [-3.89156770e-06 -1.05926371e-04  2.22978988e-05]\n",
      "  [-2.85641764e-07  2.22978988e-05 -3.33172349e-05]]\n",
      "\n",
      " [[-8.19781003e-05 -3.61895794e-06 -4.50490148e-06]\n",
      "  [-3.61895794e-06 -1.38729867e-04  3.12630804e-05]\n",
      "  [-4.50490148e-06  3.12630804e-05 -1.15689609e-04]]\n",
      "\n",
      " [[-1.26727593e-04  3.30614223e-05  7.90013675e-06]\n",
      "  [ 3.30614223e-05 -9.99395676e-05  2.48044520e-05]\n",
      "  [ 7.90013675e-06  2.48044520e-05 -1.37763548e-04]]\n",
      "\n",
      " [[-1.26727593e-04  3.30614223e-05  7.90013675e-06]\n",
      "  [ 3.30614223e-05 -9.99395676e-05  2.48044520e-05]\n",
      "  [ 7.90013675e-06  2.48044520e-05 -1.37763548e-04]]\n",
      "\n",
      " [[ 1.25837499e-04  2.19760773e-05  3.75501528e-05]\n",
      "  [ 2.19760773e-05  1.29299861e-04 -2.10415770e-06]\n",
      "  [ 3.75501528e-05 -2.10415770e-06  2.51939545e-05]]\n",
      "\n",
      " [[ 1.25837499e-04  2.19760773e-05  3.75501528e-05]\n",
      "  [ 2.19760773e-05  1.29299861e-04 -2.10415770e-06]\n",
      "  [ 3.75501528e-05 -2.10415770e-06  2.51939545e-05]]\n",
      "\n",
      " [[ 7.68786790e-05  6.58654888e-06  1.34694964e-05]\n",
      "  [ 6.58654888e-06  1.51382718e-05  1.57645415e-05]\n",
      "  [ 1.34694964e-05  1.57645415e-05 -3.59506880e-05]]\n",
      "\n",
      " [[-4.91455899e-05 -1.05974201e-05 -1.96979506e-05]\n",
      "  [-1.05974201e-05 -6.03056743e-05  8.04788202e-06]\n",
      "  [-1.96979506e-05  8.04788202e-06  2.53518700e-05]]\n",
      "\n",
      " [[ 1.95955715e-04 -3.48692999e-06  7.71512225e-06]\n",
      "  [-3.48692999e-06  2.01962088e-04 -2.16109212e-06]\n",
      "  [ 7.71512225e-06 -2.16109212e-06  2.18811087e-04]]\n",
      "\n",
      " [[ 6.31489549e-05 -6.29711309e-06  2.90815378e-06]\n",
      "  [-6.29711309e-06  1.68497389e-04  3.19520938e-05]\n",
      "  [ 2.90815378e-06  3.19520938e-05  2.16883758e-04]]\n",
      "\n",
      " [[ 7.68786790e-05  6.58654888e-06  1.34694964e-05]\n",
      "  [ 6.58654888e-06  1.51382718e-05  1.57645415e-05]\n",
      "  [ 1.34694964e-05  1.57645415e-05 -3.59506880e-05]]\n",
      "\n",
      " [[-9.25946170e-05  1.66648213e-06  1.52677716e-06]\n",
      "  [ 1.66648213e-06 -1.07716852e-04 -6.01480289e-07]\n",
      "  [ 1.52677716e-06 -6.01480289e-07 -8.00198449e-05]]\n",
      "\n",
      " [[ 4.73388621e-05  2.59556064e-05  4.08367451e-05]\n",
      "  [ 2.59556064e-05  5.62578038e-05  2.55180767e-05]\n",
      "  [ 4.08367451e-05  2.55180767e-05  3.65689910e-05]]\n",
      "\n",
      " [[ 4.73388621e-05  2.59556064e-05  4.08367451e-05]\n",
      "  [ 2.59556064e-05  5.62578038e-05  2.55180767e-05]\n",
      "  [ 4.08367451e-05  2.55180767e-05  3.65689910e-05]]\n",
      "\n",
      " [[ 1.89690192e-04  9.16725335e-06 -3.53103694e-06]\n",
      "  [ 9.16725335e-06  1.94709269e-04 -9.21331833e-06]\n",
      "  [-3.53103694e-06 -9.21331833e-06  1.76263166e-04]]\n",
      "\n",
      " [[-9.25946170e-05  1.66648213e-06  1.52677716e-06]\n",
      "  [ 1.66648213e-06 -1.07716852e-04 -6.01480289e-07]\n",
      "  [ 1.52677716e-06 -6.01480289e-07 -8.00198449e-05]]\n",
      "\n",
      " [[-8.19781003e-05 -3.61895794e-06 -4.50490148e-06]\n",
      "  [-3.61895794e-06 -1.38729867e-04  3.12630804e-05]\n",
      "  [-4.50490148e-06  3.12630804e-05 -1.15689609e-04]]\n",
      "\n",
      " [[-8.19781003e-05 -3.61895794e-06 -4.50490148e-06]\n",
      "  [-3.61895794e-06 -1.38729867e-04  3.12630804e-05]\n",
      "  [-4.50490148e-06  3.12630804e-05 -1.15689609e-04]]\n",
      "\n",
      " [[-1.26727593e-04  3.30614223e-05  7.90013675e-06]\n",
      "  [ 3.30614223e-05 -9.99395676e-05  2.48044520e-05]\n",
      "  [ 7.90013675e-06  2.48044520e-05 -1.37763548e-04]]\n",
      "\n",
      " [[-4.91455899e-05 -1.05974201e-05 -1.96979506e-05]\n",
      "  [-1.05974201e-05 -6.03056743e-05  8.04788202e-06]\n",
      "  [-1.96979506e-05  8.04788202e-06  2.53518700e-05]]\n",
      "\n",
      " [[-8.19781003e-05 -3.61895794e-06 -4.50490148e-06]\n",
      "  [-3.61895794e-06 -1.38729867e-04  3.12630804e-05]\n",
      "  [-4.50490148e-06  3.12630804e-05 -1.15689609e-04]]\n",
      "\n",
      " [[-8.19781003e-05 -3.61895794e-06 -4.50490148e-06]\n",
      "  [-3.61895794e-06 -1.38729867e-04  3.12630804e-05]\n",
      "  [-4.50490148e-06  3.12630804e-05 -1.15689609e-04]]\n",
      "\n",
      " [[-1.61040548e-04 -6.40257459e-06  6.43587931e-06]\n",
      "  [-6.40257459e-06 -1.75632446e-04 -1.33571067e-05]\n",
      "  [ 6.43587931e-06 -1.33571067e-05 -1.95956502e-04]]\n",
      "\n",
      " [[ 5.91723508e-05  5.20328373e-06  1.25676424e-05]\n",
      "  [ 5.20328373e-06  4.61939832e-05  1.56336814e-05]\n",
      "  [ 1.25676424e-05  1.56336814e-05  1.18898717e-04]]\n",
      "\n",
      " [[ 1.95955715e-04 -3.48692999e-06  7.71512225e-06]\n",
      "  [-3.48692999e-06  2.01962088e-04 -2.16109212e-06]\n",
      "  [ 7.71512225e-06 -2.16109212e-06  2.18811087e-04]]\n",
      "\n",
      " [[-1.11326587e-04 -4.75446784e-06 -2.20671113e-05]\n",
      "  [-4.75446784e-06 -1.01048161e-04  1.39961463e-05]\n",
      "  [-2.20671113e-05  1.39961463e-05 -1.80089092e-04]]\n",
      "\n",
      " [[-2.72071621e-05 -1.88653822e-05 -4.63475067e-05]\n",
      "  [-1.88653822e-05 -9.96843402e-06  1.61816687e-05]\n",
      "  [-4.63475067e-05  1.61816687e-05  3.71755961e-05]]\n",
      "\n",
      " [[-9.25946170e-05  1.66648213e-06  1.52677716e-06]\n",
      "  [ 1.66648213e-06 -1.07716852e-04 -6.01480289e-07]\n",
      "  [ 1.52677716e-06 -6.01480289e-07 -8.00198449e-05]]\n",
      "\n",
      " [[ 2.02114312e-04 -4.50756824e-06 -3.99351776e-06]\n",
      "  [-4.50756824e-06  1.63216949e-04 -4.25596090e-05]\n",
      "  [-3.99351776e-06 -4.25596090e-05  1.95331366e-04]]\n",
      "\n",
      " [[ 2.02114312e-04 -4.50756824e-06 -3.99351776e-06]\n",
      "  [-4.50756824e-06  1.63216949e-04 -4.25596090e-05]\n",
      "  [-3.99351776e-06 -4.25596090e-05  1.95331366e-04]]\n",
      "\n",
      " [[ 1.89690192e-04  9.16725335e-06 -3.53103694e-06]\n",
      "  [ 9.16725335e-06  1.94709269e-04 -9.21331833e-06]\n",
      "  [-3.53103694e-06 -9.21331833e-06  1.76263166e-04]]\n",
      "\n",
      " [[ 1.89690192e-04  9.16725335e-06 -3.53103694e-06]\n",
      "  [ 9.16725335e-06  1.94709269e-04 -9.21331833e-06]\n",
      "  [-3.53103694e-06 -9.21331833e-06  1.76263166e-04]]\n",
      "\n",
      " [[-9.82181363e-05 -3.52175363e-06 -6.51850626e-06]\n",
      "  [-3.52175363e-06 -8.16780492e-05 -2.72440312e-06]\n",
      "  [-6.51850626e-06 -2.72440312e-06 -1.00435128e-04]]\n",
      "\n",
      " [[-9.82181363e-05 -3.52175363e-06 -6.51850626e-06]\n",
      "  [-3.52175363e-06 -8.16780492e-05 -2.72440312e-06]\n",
      "  [-6.51850626e-06 -2.72440312e-06 -1.00435128e-04]]\n",
      "\n",
      " [[ 1.89690192e-04  9.16725335e-06 -3.53103694e-06]\n",
      "  [ 9.16725335e-06  1.94709269e-04 -9.21331833e-06]\n",
      "  [-3.53103694e-06 -9.21331833e-06  1.76263166e-04]]\n",
      "\n",
      " [[ 5.91723508e-05  5.20328373e-06  1.25676424e-05]\n",
      "  [ 5.20328373e-06  4.61939832e-05  1.56336814e-05]\n",
      "  [ 1.25676424e-05  1.56336814e-05  1.18898717e-04]]\n",
      "\n",
      " [[ 1.95955715e-04 -3.48692999e-06  7.71512225e-06]\n",
      "  [-3.48692999e-06  2.01962088e-04 -2.16109212e-06]\n",
      "  [ 7.71512225e-06 -2.16109212e-06  2.18811087e-04]]\n",
      "\n",
      " [[-9.82181363e-05 -3.52175363e-06 -6.51850626e-06]\n",
      "  [-3.52175363e-06 -8.16780492e-05 -2.72440312e-06]\n",
      "  [-6.51850626e-06 -2.72440312e-06 -1.00435128e-04]]]\n"
     ]
    },
    {
     "ename": "IndexError",
     "evalue": "boolean index did not match indexed array along dimension 0; dimension is 64 but corresponding boolean dimension is 10",
     "output_type": "error",
     "traceback": [
      "\u001b[0;31m---------------------------------------------------------------------------\u001b[0m",
      "\u001b[0;31mIndexError\u001b[0m                                Traceback (most recent call last)",
      "Cell \u001b[0;32mIn[9], line 21\u001b[0m\n\u001b[1;32m     18\u001b[0m                 x \u001b[38;5;241m=\u001b[39m pd\u001b[38;5;241m.\u001b[39mDataFrame({\u001b[38;5;124m'\u001b[39m\u001b[38;5;124mF_11\u001b[39m\u001b[38;5;124m'\u001b[39m:F_11,\u001b[38;5;124m'\u001b[39m\u001b[38;5;124mP_11\u001b[39m\u001b[38;5;124m'\u001b[39m:P_11})\n\u001b[1;32m     19\u001b[0m                 data[g] \u001b[38;5;241m=\u001b[39m pd\u001b[38;5;241m.\u001b[39mconcat((data[g],x),ignore_index\u001b[38;5;241m=\u001b[39m\u001b[38;5;28;01mTrue\u001b[39;00m)\n\u001b[0;32m---> 21\u001b[0m \u001b[43mplot_stress_strain_per_grain_meanfield\u001b[49m\u001b[43m(\u001b[49m\u001b[43m[\u001b[49m\u001b[38;5;241;43m0\u001b[39;49m\u001b[43m,\u001b[49m\u001b[43m \u001b[49m\u001b[38;5;241;43m1\u001b[39;49m\u001b[43m,\u001b[49m\u001b[43m \u001b[49m\u001b[38;5;241;43m2\u001b[39;49m\u001b[43m]\u001b[49m\u001b[43m,\u001b[49m\u001b[43m \u001b[49m\u001b[43mgrid\u001b[49m\u001b[43m,\u001b[49m\u001b[43m \u001b[49m\u001b[43mresult\u001b[49m\u001b[43m)\u001b[49m\n",
      "Cell \u001b[0;32mIn[9], line 16\u001b[0m, in \u001b[0;36mplot_stress_strain_per_grain_meanfield\u001b[0;34m(grains, grid, result)\u001b[0m\n\u001b[1;32m     14\u001b[0m \u001b[38;5;28mprint\u001b[39m(\u001b[38;5;124m\"\u001b[39m\u001b[38;5;124mP.shape\u001b[39m\u001b[38;5;124m\"\u001b[39m, P\u001b[38;5;241m.\u001b[39mshape)\n\u001b[1;32m     15\u001b[0m \u001b[38;5;28mprint\u001b[39m(\u001b[38;5;124m\"\u001b[39m\u001b[38;5;124mP\u001b[39m\u001b[38;5;124m\"\u001b[39m, P)\n\u001b[0;32m---> 16\u001b[0m P_11 \u001b[38;5;241m=\u001b[39m \u001b[43mP\u001b[49m\u001b[43m[\u001b[49m\u001b[43mpoints\u001b[49m\u001b[43m,\u001b[49m\u001b[38;5;241;43m0\u001b[39;49m\u001b[43m,\u001b[49m\u001b[38;5;241;43m0\u001b[39;49m\u001b[43m]\u001b[49m\u001b[38;5;241m.\u001b[39mflatten()\n\u001b[1;32m     17\u001b[0m F_11 \u001b[38;5;241m=\u001b[39m np\u001b[38;5;241m.\u001b[39mbroadcast_to(np\u001b[38;5;241m.\u001b[39maverage(F[:,\u001b[38;5;241m0\u001b[39m,\u001b[38;5;241m0\u001b[39m]),P_11\u001b[38;5;241m.\u001b[39mshape)\n\u001b[1;32m     18\u001b[0m x \u001b[38;5;241m=\u001b[39m pd\u001b[38;5;241m.\u001b[39mDataFrame({\u001b[38;5;124m'\u001b[39m\u001b[38;5;124mF_11\u001b[39m\u001b[38;5;124m'\u001b[39m:F_11,\u001b[38;5;124m'\u001b[39m\u001b[38;5;124mP_11\u001b[39m\u001b[38;5;124m'\u001b[39m:P_11})\n",
      "\u001b[0;31mIndexError\u001b[0m: boolean index did not match indexed array along dimension 0; dimension is 64 but corresponding boolean dimension is 10"
     ]
    }
   ],
   "source": [
    "def plot_stress_strain_per_grain_meanfield(grains, grid, result):\n",
    "    data = {g:pd.DataFrame() for g in grains}\n",
    "    for volumefractions in result.get(['F','P']).values():\n",
    "        for volumefraction, inc in volumefractions.items():\n",
    "            P = inc['P']\n",
    "            F = inc['F']\n",
    "            for g in grains:\n",
    "                print(volumefraction, g)\n",
    "                points = grid.material.flatten(order='F')==g\n",
    "                flattened_material = grid.material.flatten(order='F')\n",
    "                print(\"flattened_material.shape\", flattened_material.shape)\n",
    "\n",
    "                print(\"grid.material.shape\", grid.material.shape)\n",
    "                print(\"P.shape\", P.shape)\n",
    "                print(\"P\", P)\n",
    "                P_11 = P[points,0,0].flatten()\n",
    "                F_11 = np.broadcast_to(np.average(F[:,0,0]),P_11.shape)\n",
    "                x = pd.DataFrame({'F_11':F_11,'P_11':P_11})\n",
    "                data[g] = pd.concat((data[g],x),ignore_index=True)\n",
    "\n",
    "plot_stress_strain_per_grain_meanfield([0, 1, 2], grid, result)\n"
   ]
  },
  {
   "cell_type": "markdown",
   "metadata": {},
   "source": [
    "# Example: Stress-Strain Density plot for each grain "
   ]
  },
  {
   "cell_type": "code",
   "execution_count": 17,
   "metadata": {},
   "outputs": [
    {
     "ename": "TypeError",
     "evalue": "unhashable type: 'slice'",
     "output_type": "error",
     "traceback": [
      "\u001b[0;31m---------------------------------------------------------------------------\u001b[0m",
      "\u001b[0;31mTypeError\u001b[0m                                 Traceback (most recent call last)",
      "Cell \u001b[0;32mIn[17], line 5\u001b[0m\n\u001b[1;32m      3\u001b[0m last_inc \u001b[38;5;241m=\u001b[39m result\u001b[38;5;241m.\u001b[39mview(homogenizations\u001b[38;5;241m=\u001b[39m\u001b[38;5;28;01mFalse\u001b[39;00m)\n\u001b[1;32m      4\u001b[0m last_inc\n\u001b[0;32m----> 5\u001b[0m df \u001b[38;5;241m=\u001b[39m pd\u001b[38;5;241m.\u001b[39mDataFrame({\u001b[38;5;124m'\u001b[39m\u001b[38;5;124mF_11\u001b[39m\u001b[38;5;124m'\u001b[39m:\u001b[43mlast_inc\u001b[49m\u001b[38;5;241;43m.\u001b[39;49m\u001b[43mget\u001b[49m\u001b[43m(\u001b[49m\u001b[38;5;124;43m'\u001b[39;49m\u001b[38;5;124;43mF\u001b[39;49m\u001b[38;5;124;43m'\u001b[39;49m\u001b[43m)\u001b[49m\u001b[43m[\u001b[49m\u001b[43m:\u001b[49m\u001b[43m,\u001b[49m\u001b[38;5;241;43m0\u001b[39;49m\u001b[43m,\u001b[49m\u001b[38;5;241;43m0\u001b[39;49m\u001b[43m]\u001b[49m,\n\u001b[1;32m      6\u001b[0m                    \u001b[38;5;124m'\u001b[39m\u001b[38;5;124mP_11\u001b[39m\u001b[38;5;124m'\u001b[39m:last_inc\u001b[38;5;241m.\u001b[39mget(\u001b[38;5;124m'\u001b[39m\u001b[38;5;124mP\u001b[39m\u001b[38;5;124m'\u001b[39m)[:,\u001b[38;5;241m0\u001b[39m,\u001b[38;5;241m0\u001b[39m]})\n\u001b[1;32m      7\u001b[0m \u001b[38;5;66;03m# _ = df.plot.hexbin(x='F_11',y='P_11',gridsize=20,\u001b[39;00m\n\u001b[1;32m      8\u001b[0m \u001b[38;5;66;03m#                    cmap=damask.Colormap.from_predefined('strain'))\u001b[39;00m\n",
      "\u001b[0;31mTypeError\u001b[0m: unhashable type: 'slice'"
     ]
    }
   ],
   "source": [
    "result = damask.Result(resultfile_path)\n",
    "last_inc = result.view(increments=-1)\n",
    "last_inc = result.view(homogenizations=False)\n",
    "last_inc\n",
    "df = pd.DataFrame({'F_11':last_inc.get('F')[:,0,0],\n",
    "                   'P_11':last_inc.get('P')[:,0,0]})\n",
    "# _ = df.plot.hexbin(x='F_11',y='P_11',gridsize=20,\n",
    "#                    cmap=damask.Colormap.from_predefined('strain'))"
   ]
  },
  {
   "cell_type": "markdown",
   "metadata": {},
   "source": [
    "# Example: r-value calculation"
   ]
  },
  {
   "cell_type": "code",
   "execution_count": 1,
   "metadata": {},
   "outputs": [],
   "source": [
    "result = damask.Result(resultfile_name)\n",
    "result.add_strain('F_p','U')\n",
    "result.add_equivalent_Mises('epsilon_U^0.0(F_p)')\n",
    "epsilon_avg = np.array([np.average(eps,0) for eps in result.get('epsilon_U^0.0(F_p)').values()])\n",
    "r = epsilon_avg[:,1,1]/epsilon_avg[:,2,2]\n",
    "s = np.array([np.average(strain) for strain in result.get('epsilon_U^0.0(F_p)_vM').values()])\n",
    "plt.plot(s[10:],r[10:])\n",
    "plt.ylabel('r-value')\n",
    "plt.xlabel('plastic vM strain')\n",
    "plt.axis([0, 0.2, 0, 1])\n",
    "plt.show()"
   ]
  }
 ],
 "metadata": {
  "kernelspec": {
   "display_name": "Python 3",
   "language": "python",
   "name": "python3"
  },
  "language_info": {
   "codemirror_mode": {
    "name": "ipython",
    "version": 3
   },
   "file_extension": ".py",
   "mimetype": "text/x-python",
   "name": "python",
   "nbconvert_exporter": "python",
   "pygments_lexer": "ipython3",
   "version": "3.10.12"
  }
 },
 "nbformat": 4,
 "nbformat_minor": 2
}
